0.9218470623478736
-0.17889393845856974
-0.13556957473738104
-0.15314143217421086
0.12499947601811684
0.015840816138518773
0.016568163864299892
-0.2348182876764714
-0.24392141996235683
-0.24367155690022052
-0.22471278995290964
0.06780898322201971
0.07522055584285768
0.061480764979701716
0.053092699546824135
0.04296991844040127
0.03150346745199752
0.03550441730544096
0.03646493070894667
0.011400261892740191
0.0021527486204705798
0.006430493418580252
-0.0062432728718751366
0.0561138505117491
0.04592597608370031
0.04209003316112209
0.033417299479554824
0.09123041059510455
0.06683243265473604
0.07998312220366871
0.10277259086468425
0.16111435690980913
0.019314625459687033
0.008027463736629723
0.05488505761870664
0.01713604788131813
0.013052232816474725
0.01815196157315685
0.03939689911927888
0.028700910842006145
0.057346241542064885
0.19768860720432285
0.12482238396669154
0.1599085195050214
0.23950690052317666
0.11315782046159953
0.037159904013259
0.014917635997093524
-0.037065082630121655
-0.03432713018293638
-0.09551158899583681
-0.04029908877156291
-0.06853361283546394
-0.08615496031720264
0.11625100473413084
0.08093258837807125
0.06898090150429671
0.020480124004974117
0.23725453686395562
0.26183447822172473
0.23539173158968763
0.24994078615497242
0.2702396769293155
0.03255428179778191
0.05881225796580739
0.08602594694331134
-0.004567576189045197
0.0036988024298997032
-5.386370781852247E-4
-0.004324162987578377
0.17571947037976415
0.19518854713403794
0.18463621309385528
0.18589553256194255
0.16994602515049548
0.1432775871788304
0.05552046570005129
0.009840092371854667
-0.026295881481480314
-0.02498594813303029
0.0820597943066962
0.045792527040132404
0.035557017886929054
0.04010862643926898
0.06185920208707701
0.10178582873829072
0.13490949273838398
0.03552058792549429
0.06476859092661791
0.16569140695399748
0.11626428088471022
0.05939667244962136
0.03367428496404121
0.06858602031457489
0.03547007168802502
0.0175791882973892
0.05463803553191707
0.05797541243950996
0.19335269744442643
-0.0980631538839488
-0.024244281203955012
-0.05955238810454121
-0.08625298682115105
-0.07944989762589326
-0.024261979080861168
0.18678433271391257
0.2300154599793979
0.14186813296429635
0.8768665372342792
0.8177027159520572
-0.0340557673373092
-0.012862758065965154
0.0018709894183263456
0.14169111053370698
0.1270620678328262
0.1361265422107991
0.15291777098093176
-0.004525866319819736
-0.009550368399649569
-0.017392529898409538
-0.015372329058671858
-0.08376077665987183
-0.08646403182938356
-0.06657342963181005
-0.05898882896018545
-0.04195140450206861
-0.2835076354993493
-0.2703586990245182
-0.2461215607629823
-0.2005151915154823
-0.20690039127888962
-0.20224673985373415
-0.12468457946765386
-0.0801025524484599
-0.08244329686095848
-0.08997956073100508
-0.049454889249027696
-0.07142898005009063
-0.24156664423635194
-0.2268434070288507
-0.2561006796078292
-0.2609325762783311
-0.26304651912435045
-0.29098659810590943
-0.008387630072953955
-0.001007662173742292
0.008437027145065501
0.0899014433563301
-0.12926947847746353
-0.09933175249302936
-0.16992963699944802
-0.11200122453291483
-0.12756416505339538
0.02563627116161553
-0.01384746878959868
-0.058127778705209576
-0.16580088678052335
-0.15506392575589167
-0.16249983728338252
-0.16773864585245096
-0.22768057627358407
-0.22108978564158058
-0.2155507076615851
-0.06393251053720359
-0.08717781808597605
-0.09279752473042119
-0.08215142711911218
-0.08885629727518388
-0.10018758061597945
-0.15804499391411383
-0.13559943661443052
-0.12884135030182384
-0.0025665785049846053
-0.00922823471165531
-0.007309153411697615
-8.171757127349849E-4
-0.1662376755282054
-0.15864043748685555
-0.1550657973291516
-0.16107799883977458
-0.22525933090128075
-0.16770500931840784
-0.05555447325326216
-0.20783506298531126
-0.006776491398891949
-0.009631482000758463
-0.012677299395093815
-0.008494842442728533
0.003002612097064841
0.009737991480504951
-0.14444168678794078
-0.12364575397130693
-0.14984971890599452
-0.0040767814428951535
-0.05341145448387561
-0.021879377207926088
0.05185888667451431
-0.17766307046135255
0.00438991594658299
-0.10774247100428051
0.21260066486509216
0.2453028809853436
-0.06955853359995434
-0.10018648778935951
-0.024729080692009672
-0.06113221582620454
-0.06602909136520797
-0.013208118045763008
-0.036803873593807206
0.06001841401162717
0.12058638903932992
-0.11883770891944066
-0.0624673695306435
0.03420386707888547
0.667705934100766
0.0011840803905521266
0.003791807374915772
0.013947841973531399
-0.006285091900540054
0.09968334135746953
0.13365782830556694
0.15483650488255069
0.16819177425337306
0.2205931587131638
0.2233172871783715
0.23426336559174538
0.2656738048593717
0.28374017802375057
0.04810778649016115
0.044645698993784955
0.05806863969462899
0.10766691889376863
0.11427218522025129
0.12280704769390767
0.1497502371759872
0.09620955887789097
0.10327768678314876
0.11812600211826764
0.11612049365961297
0.1352859058872211
0.08742539726435944
0.08318387143747469
0.07852704944484085
0.06257448743411102
0.07675260764971141
0.022522020869761003
0.07118299922852679
0.07417112893550572
0.06730391308590365
0.1210965704973547
0.30755031880390893
0.29478714668273126
0.21046239817233572
0.07778023333196941
0.23452707951197954
0.06442881621792099
-0.06080509744449078
-0.06075312623831521
0.08289725368149757
0.10655972874050826
0.08201590047424138
0.09877232389721352
0.03488995457062162
0.027707570006289463
0.04989423772376369
0.0872910330605352
0.09816098169432719
0.07682451132973425
0.11358207574018044
0.09914990393629744
0.08644441502815191
0.06846009149274487
0.05720709345900876
0.07599378826708146
0.6596929360504863
0.6481531306795125
0.6532329151684069
0.658452565641918
0.07538678510861813
0.06127976198192092
0.059153930511616
0.06811540047214724
0.029906956653012205
0.017283903272489597
0.1369552186052372
0.02323507605964213
0.6125571923785665
0.6228311422116032
0.1721250089637055
0.19391242379548057
0.20392392985003654
0.20068358180764032
0.06911678527995203
0.0992844256566919
0.09374122714318235
0.18098815816831706
0.196843543460146
0.011876532234093422
-0.024270286450551296
0.21131386131632707
0.1570251769494167
0.18619617768285382
-0.0021803977764824137
0.0019965769953819634
0.17691794456958201
0.18929167809678576
0.14072394925607298
0.2374890255276064
0.2837381820869882
0.24662590907178558
0.2591377913769778
0.27215589053715045
0.26526739656295334
0.2579629418781556
0.1779649931051664
0.11526990426636262
0.9284492524328098
0.9037080231995054
0.9214741150279837
0.03241065584929602
0.005701436667624755
0.01543578784936738
0.012812265995870568
-0.015043156419679973
0.004278428253538357
0.008073337499063938
0.01623786146626332
0.03881306980011576
0.059595397647613006
0.05533266676145225
0.07424819410272226
-0.2592321203622634
-0.2571838203229164
-0.23692166010029114
-0.19093513683894195
-0.12261665268334881
-0.11863332324609113
-0.12819162424818906
-0.10683159803622044
-0.2083859565945643
-0.09032292156038853
-0.0711435626342182
-0.08665801241473711
-0.062330254623871505
-0.08602236761661657
-0.1311607377300601
-0.12358698428567426
-0.11847895121149832
-0.11113191404727889
-0.09580486085338408
-0.11286513194500046
-0.11831989945493011
-0.17784060036677704
-0.06335802254473386
-0.052638839974900854
-0.05492182226432798
-0.0821268734307119
-0.09098769631398432
-0.08709061648495703
-0.0779683838239442
-0.06965868359601222
-0.11576382628732781
-0.1393781818692238
-0.11579973229205137
-0.11302994847699425
-0.043189316025002825
-0.12347135371082729
-0.12996362539996684
-0.12254091611178031
-0.1307774193811158
-0.13491408580554104
-0.09313148171005804
-0.035608947784342725
-0.03702170640931705
0.02858814612977053
0.022032892442450495
0.025494316420450476
0.0301863870878592
-0.17308561905595846
-0.2022951542513902
-0.18495100225827085
-0.15738064868803137
-0.2017841958954571
-0.14540569010395768
-0.04736417753973973
-0.11758828773723376
0.019902602096461445
0.022166464733205868
0.024488640469737158
0.017702600680140793
0.0253568583439652
0.0383897062342123
-0.2413504525371578
-0.20461595545659134
-0.19455775907437875
-0.001635862435224959
-0.011459404408681474
-0.13361149216486615
-0.15617301366946315
0.07852521507561165
0.09425713893397468
0.030136568685447784
-0.01967926220585917
-0.02084333073683136
-0.003501056787548201
1.8007826214216396E-5
-0.1531607566806237
0.1085799666147089
0.09446084627339701
0.10368119937952772
0.14994428473634955
0.1543860419747691
0.1189684527307336
-0.09626182763000703
-0.2231714831705934
0.03452155654569027
0.41908454527236305
0.3816573550502084
0.37896034386110855
0.13175280722259017
0.11069227319327928
0.1269181922419267
0.12146827156847025
0.10915673054081962
-0.09408616750126145
-0.0894032709893526
-0.08667801964840928
-0.046877275266176466
-0.047846093005810275
-0.04577468814991724
-0.04744507875698355
-0.010124522741429548
-0.015468161287974475
-0.017925972008198475
-0.015188655880607792
0.0035738150403931417
-0.03967706638266747
-0.03202919330991416
-0.04514312136085458
-0.04334426943821179
-0.048254974445889935
-0.0632649742636649
0.01734416538792576
0.019102836161136828
0.01744561189662872
0.10588522601225184
0.0022087038353114014
-0.018105719518586135
0.064052437808294
0.14513529984430057
0.00606358210998844
0.06815348304814113
-0.018184687968854665
-0.021086544227775394
0.04163828727658809
0.025302805280070256
0.02990017364936803
0.030381737544949893
0.059315492053760625
0.07148306823149952
0.07908601481394778
0.09813161988685756
0.04579786399111943
0.061494458240652056
0.04513548495533994
0.06126665711223727
0.06418176321358447
-0.007461727532432933
-0.029771334965723078
-0.024452008639602413
0.05650908064673864
0.05273647680426651
0.05052062920093678
0.05204491605531722
0.1407070465006528
0.14676593986838787
0.12359478743790292
0.16338058025532745
0.04420804620994799
0.18097945016634898
-0.007237000019489156
-0.042158828479744094
0.046168494677988024
0.05144443491083742
0.045834452785915684
0.05649022278195146
0.051637510684448974
0.03392582610016072
-0.09630468713026617
-0.09315599417928509
-0.09066016622889596
-0.04368079852620275
-0.015958150644745536
0.17030485528954603
0.13220511003396865
0.01354547184578521
-0.02711064419324835
0.0045433866099949954
0.0018395303221015718
-0.0017156778870840268
-0.004592426896037422
-0.047735706168166026
0.1324523690786706
0.04172583694994132
0.09849985950481047
0.06098119271858831
0.08076439896587004
0.09718135478224112
0.11124745041268104
0.11764058167745044
0.05797412875444781
0.24016218046072663
0.8562127617406768
0.8202624261667083
0.8183492825719937
0.7508124331236
0.041209631147663316
0.029471802921087857
0.031049878800479797
0.13468359734539379
0.14130664197699627
0.15476723824694572
0.12530239088305567
0.3728417172586978
0.34195536161383067
0.33359097679815086
0.33841777107308696
0.33507727555425865
0.02475093660956867
0.0301916474446415
0.002903340209325345
-0.00304934334022713
0.046244290897077996
0.02028312568819113
0.19436067865231552
0.1957179792514536
0.19577187879370236
0.09748732865939125
0.14250934577911045
0.06145676749650925
0.06679366036700628
0.06520782056041219
0.003116879722406584
0.027457398491809407
0.06449417590662644
0.05051193222340922
0.11931357623911994
0.10978701146019464
0.12590275554822702
0.12162463455610628
0.2684625653302975
0.39986129867361775
0.3587192802594035
0.4412467287870962
0.04064391535375762
-0.010307958421306397
0.03942213457899622
0.015943460873513376
0.0028619800534027046
0.22522127907679926
0.12739890640643867
0.10803340363590581
0.1948456592717529
0.1965422438794656
0.19853659481610011
0.19815338035027227
0.06506879723843675
0.058318555299951086
0.0546322467656887
0.03873795857254997
0.00611264560476443
0.05090156345615547
0.08867762674326686
-0.027673306067712265
0.1755637361522795
0.18118985956894862
0.011630016708602118
0.05936840018871509
0.06249342151081777
0.04702794734311327
0.15281190628209554
0.0687410187326223
0.10320014996137733
0.03049199944267316
0.08751968903790666
0.08083590566007083
0.03871370633346531
0.0876256350774486
-0.0014975052834072433
0.10884695869648983
0.056273260884878204
0.038369713318990785
0.08670313616194941
0.11519291949116982
0.20082192081097702
0.1986809034231183
0.19020401550623914
0.20567984326341424
0.20845318941538998
0.16765494251787783
0.20483937496939425
0.3286368562987852
0.14942733074033818
0.2820818475152962
0.7885448344212811
0.7649505638682581
0.05902020566551957
0.06376921318108843
0.08325371648008616
0.06618163807342001
0.10640919795068624
0.10971311537077097
0.09756579372209673
0.10426586071858764
0.09516075969802697
0.07921996245340643
0.08956005789096126
0.057576217673246395
0.06509394030048866
0.06505874656655716
0.012273265991701419
0.03949788053014409
0.05422621865070476
0.04725160752393546
-0.07796991544255695
0.017699346598984925
0.005526126651050135
0.07952100843185334
0.038619483318034845
0.004561549357179065
0.007479885760993408
-0.043384132661602334
-0.02883798434510837
-0.03800586105332118
-0.004314765322498441
-0.012583036127945722
-0.04359170713074831
0.025712033734620374
0.06441849760444765
0.05588433027965839
0.06665354231635015
0.004470219406036516
-0.012553032651045477
0.009975696642299192
0.007796126108680456
-0.014046906999462988
0.13892394665732255
0.12877096389552942
0.1374925469658206
-0.003238083195605676
-0.00767954702864766
-0.007536379830128889
-0.005077260052954523
0.01305032407668894
0.001415394503871359
0.016663180563693977
-0.007349006393894589
0.05448639940505985
-0.025917846193342923
-0.06886838000120502
0.18467549219532428
-0.014206890571785468
-0.014908484330969037
0.011108864128939149
-0.007264929460098029
-0.0020010359002955763
0.005472636256119234
0.035657607678904524
-0.007877035385225691
-1.5555924244100872E-4
0.04917788739717555
0.029736345566837064
-0.12373930681573951
-0.16556299005771993
0.0895909493851396
0.04766374344420074
0.0813699582721454
-0.14611364369220717
-0.16157798768938644
0.05034453153435769
0.042787628833710505
-0.03526042215747772
0.09881144577482766
0.10988474969040558
0.09652129500890641
0.06494630647743004
0.037263849807362234
-0.016245685747498198
0.10395045663788458
-0.020195656347874808
-0.03658712808276816
0.9434607253115539
0.8696781674909176
0.7734632266826218
0.22383684080996635
0.2150688996516613
0.20130556096031346
0.1861452388421047
0.2636408093774802
0.2992136615264391
0.2643533649550932
0.300559344006751
0.24959478054502082
0.2749004172465969
0.29946142056413727
0.19822374118349267
0.16601298345660376
0.1749181794969123
0.04877071032092953
0.18698193479830102
0.17978576612294755
0.18271211565429543
0.036313270816880086
0.25741199898285017
0.29219483214693664
0.20900072538389042
0.1482209722436717
0.17002083959264702
0.22220974899123033
0.20014701366241208
0.19669808648381357
0.20000326943364577
0.13959440617622357
0.17164463402933605
0.09204551437455957
0.18132873512944908
0.19775954369904686
0.17782233533289318
0.1859522867517729
0.19573708904136553
0.3373032217668341
0.2775455704864094
0.2415206003870418
0.06901103507300721
0.0681378165495974
0.06582187243597065
0.06805401721010093
0.16875810124536508
0.1597031813691487
0.1549470540402822
0.14140735711787172
0.21854159689321165
0.13174075434435173
0.06576480325581155
0.15099329676094358
0.0820723424758035
0.08278811144211161
0.04873462720577947
0.05895294398396221
0.0632497459058943
0.05426551356278762
0.28637529416036805
0.29880834887162977
0.24329983384975326
0.038672142463506864
0.07285450644336659
0.10887590467470251
0.07863348839449019
0.12180214856697401
0.03094626270989089
0.09791360187709537
-0.006927800280486544
-0.012945416267050243
0.11600039768800817
0.08843972407324477
0.18748613461520708
0.0772918953528924
0.15782799829673735
0.11831418861121121
0.13242278685753964
0.024248661057628365
-0.05851024537422362
0.03390150862616341
0.27329622899818223
-0.06122051359900314
0.9217479154172812
0.8771967788770136
0.8128550001649941
0.7318261438382089
0.06620721323680796
0.06197664428814255
0.0358423664492221
0.022451451667250686
0.06887985923187205
0.011490983903477947
0.2520032007772495
0.24965409849822934
0.25907474993640495
0.1261672586225492
0.12219546176459177
0.005348352116329246
0.022780986861879324
-0.04070646517981815
0.027522757993344357
0.10508632807959449
0.18589385316117385
0.17227231950522753
0.08140379132042262
0.11697914916079803
0.09856768900545945
0.11132218789777915
0.19785829554132026
0.2585331479633385
0.23662604888913683
0.3709626283809208
0.05564076125645017
0.010330021052259556
0.052494118095214946
0.03556704542240381
0.013729437523651468
0.2269428998366781
0.1786797455855503
0.16048867306745632
0.09522110362343711
0.1004824750515162
0.09946408667795564
0.09639721074009548
0.025574785333923336
0.02713186874896952
0.02560400341485726
-0.010890289862205013
0.06761141438385924
-0.0031095295771794568
-0.009197957222832695
0.0031021821476517443
0.07980889690734072
0.08026106606524276
0.009112159599825989
0.0044331726494294755
-0.00962229335930416
0.047278543877997486
0.2887908599839239
0.1811417571625607
0.15940037879123564
0.1439893688881834
0.15924750078996758
-0.009700597931703765
-0.03011821173821245
0.12455289671562518
0.06228707755585598
0.19130958903177234
-0.053541726003031746
-0.05462499669871273
0.16160947629746278
0.27067638598298543
0.12984189468625437
0.129798757396531
0.11729824868180465
0.12860340468356776
0.12828623463792632
0.13719670144730206
0.13205867611509658
0.24741275236315352
0.12957236967122868
0.12234512065857543
0.8570233592530538
0.6931983579042912
0.633115008676764
0.639162886463792
0.6079159089500192
0.02618168805099938
0.033381398732006476
-2.338601694978218E-4
-0.08106403410930058
0.10355164302647343
0.06240875144137558
0.1087199416813457
0.08614346134680283
0.19931804311202936
0.1493664315316969
0.05870976876328431
0.014300757586379085
0.22769468444605953
0.24741682445865334
0.2233776517534637
0.21127399950315925
0.13382292346268565
0.021045165653394062
0.034818538046894595
0.026994994676711327
0.07635508569276121
0.09653455287443066
0.07863016036468609
0.08246128400671453
0.09348991835708716
0.20229703673789137
0.181262287833499
0.18496983187181004
0.0957667425334473
0.09127884883628169
0.09111471721804815
0.0937798820201655
0.20108238083031524
0.18040941552457115
0.17823323955919884
0.17562686604624644
0.2757813303050468
0.20098015783353024
0.012331717755533163
0.4704809506811548
0.09937054078802361
0.10411147487788167
0.07705962625021034
0.07467103448920721
0.07166043615517527
0.08389640770816335
0.23016431323261072
0.18404804140440045
0.23715855698948943
0.08356513529233417
0.0913697769501923
0.02578068017877818
0.0025506445967832404
0.1317504571314267
0.08334060509462184
0.12303301124250135
0.05122836241219686
0.04373538611208621
0.1264837486125947
0.09559154775289716
0.04213983229806735
0.05872402768262851
0.10904475471068215
0.07037599624478624
0.07634988290699156
1.3257642161068866E-4
-0.10847788987525031
0.05572558096029356
0.11862071726718935
-0.06283510689683838
0.3480605865567328
0.28508320766485035
0.10041675191598994
0.1875165156879457
0.06629444067697196
-0.0051570400386857585
-0.03467871882944293
0.11516735899994957
0.14895959934212682
0.12417806365213684
0.12609728948870844
0.11636594869079794
0.0731339967553369
0.07982099310635155
0.0471395734079608
0.0935976304043437
0.0798661295883633
0.09554619200442174
0.09001778908277808
0.08581155242430691
0.04154071222870289
0.010974487045367683
0.011395926674147483
0.31410710950497034
0.3294206554184815
0.32697353595900047
0.3158932338622304
0.08459179842847664
0.08017265827552436
0.08579948192034059
0.059939928117382135
0.09808769799476919
0.03371114719471812
0.021038021806485167
0.024379372256378023
0.3304279942514404
0.3285067731491651
-4.094754221500178E-4
-4.6597136952537094E-4
-0.002750856087876856
0.014792096438275198
0.08327568107213007
0.1620583622465943
0.14963601409888247
0.02025458625063081
0.04819698509745086
-0.005693170340339788
-0.037891948046339656
0.04951212475474238
-0.011243829604351557
0.10337936241627196
-0.07278927905128846
-0.07964494001646702
0.08381065335690245
0.07353304724194679
0.026922011924138244
0.12663404492250613
0.12750978834540905
0.09419145288519182
0.13910476634735522
0.11679343662469606
0.1074768187267781
0.1640917183431021
0.12615840321206306
-0.014549911498453114
0.05794066653776717
0.03748410665294311
-0.07693746178448072
-0.08478031594320078
0.055227833377679995
0.03586173051151861
0.038372604440762285
0.02693457380299619
0.0821053188048054
0.07776775716428196
0.07161527159071743
0.02057381503893054
0.054635948965589314
0.07974169804013564
0.06113890106767411
0.07128185242594662
0.08456105397950035
0.009180595803480199
-7.739491064520088E-4
-0.0011793449824552924
0.056966352871397966
0.059920397316558835
0.05992325929337724
0.060039994861421975
0.21029082122437842
0.2115225817158917
0.21243167125667664
0.197209794388799
0.15123831765948947
0.2192067326587187
-0.014141806904399284
0.06981774961709182
0.06508194804718834
0.06106224223902464
0.053358728261869916
0.05306226131574316
0.06181519706998796
0.026440704718696282
-0.005733767390294211
-0.003912054891854033
0.05242541822119679
0.01962398514020475
0.015990677167361838
0.11666893529650044
0.08174068050744704
0.033740557806292745
0.0013801747240501294
-0.017547992783561756
0.021361561277504156
0.02846910025877196
0.03328024068961612
-0.049665588167072394
0.10981591999554134
0.07766695721474821
0.115622948718082
0.07860234740317637
0.0600274001876198
0.034017246811019745
0.0046203832902757
0.1312755629374931
0.09116728090661447
0.15012042025336556
0.2678243204790037
0.15897718911966308
0.15352031829755794
0.13654379736965064
0.1539166512968479
0.11011140126338193
0.11766084658011562
0.02980359711030772
-0.0947525381788342
-0.05277233731528991
-0.116070784848089
0.07617506812893747
0.07472803867568814
0.06719235916350466
0.06810751299338406
0.07331153057885577
0.12985477407664303
0.12177848353266991
0.12813390991656845
0.19798828648710695
0.18858451155270356
0.1882740250103164
0.19330230222199749
0.22443694008478549
0.21292195330183442
0.21749185513895067
0.22335874842920406
0.22702043028454041
0.17838073237946137
0.13971006677353542
0.07736470024278484
0.20339225415106313
0.20882328367437875
0.0851967673788724
0.0694505067070067
0.08577729992029959
0.12069703426177641
0.11902089349878445
0.1261265282723584
0.14370213121454395
0.163887508509211
0.1796011088773878
0.08847939082842687
0.07487576830202032
0.1657546483728402
0.11488035019192659
0.14389733753688677
-0.026525104080099154
-0.01698185570444397
0.15463203140011492
0.1491473180039957
0.1413684840337128
0.0769471982732399
0.16040205101219943
0.1402165117858176
0.10194345034017717
0.060643585561657255
0.019430450765344776
-0.010556051861120701
0.2088072432849604
-0.04409293278899194
0.3525084502081759
0.2678548162283354
0.07913526588122796
0.10097531028040999
0.06973683177443794
0.06867512370829248
0.13160840841581387
0.02275832738768814
0.023204480157272042
0.05082961205461894
0.07371681239315324
0.059960515184588975
0.060171677337608774
0.0658283293405504
0.056156045274046024
0.22591425500016574
0.1517034139937625
0.1554513124335542
0.029844596411296054
0.0258778299935311
0.027000468494753682
0.029390506814567983
0.16968982273730288
0.17336758772965974
0.15134372346143374
0.161517278661897
0.15473288935794635
0.1441400418689944
0.07324793740765774
0.041414080418653555
0.035257739753056676
0.03259314048696655
0.010610957868094026
0.03207581101470091
0.022953297853538897
0.04131186547104876
0.19957518290269483
0.10177648528296772
0.10333723464445928
0.07425044415960483
0.09187405788637387
0.16393185506187033
0.1517115478394138
0.10906258354556278
0.0653950676464254
0.15444647191100386
0.004666175321289221
0.01389252474999974
0.1224097595517496
0.09221381961052678
0.11757330994609365
0.05243465469242264
0.08303277308618845
0.07111559478718675
0.07515235694244828
0.049242653921451565
0.00828758032848813
6.474862715956824E-4
0.3181899629749631
-0.025787759454883655
0.11108416781076874
0.10043556461103403
0.10079406461854755
0.10700592441934133
0.12903912707181828
0.10605605076139495
0.08948564326727607
0.13276705559020502
0.024043240330790507
0.01893440616098511
0.015634912216391576
0.021407778690497554
0.018507684180874333
0.1736386383737091
0.13545889190806196
0.1084441188376253
-0.06681575253600901
-0.07139620816752591
-0.070871048965659
-0.06861643599992659
0.07658336792744237
0.07980995076460444
0.07180202106222988
0.08192500279252724
0.1130687945336103
0.06999295790144497
0.06543364155642878
-0.08931983477921829
-0.07217160674951639
-0.06930190744080866
-0.041557298084695965
-0.07659233126137319
-0.07921683035192416
-0.04483246275012108
0.12997245923152773
0.1563452905698878
0.08173210304732642
0.08186374703000228
0.10078382911604013
-0.024908089789946172
-0.015358322155780283
0.09056223054872886
0.041786259568328384
0.16733111693484484
0.06617583928615538
0.06913327422562994
0.14291498131752547
0.16508346489716338
0.0037988292538859735
0.06624508999514944
0.04861030034307919
0.011406067388042247
0.01406177125917908
-0.00798998493358877
-0.004461755533566669
-0.020792982035870915
0.1642006352294336
-0.0215602219328451
0.6096405037053751
0.4756609674801989
0.25982578949007346
0.1507756684662114
0.1856592106784963
0.09683266505793287
0.06527166867928273
0.06190955329340608
0.05067931906370626
0.05207362678140943
0.055395862122758
0.12128391292398444
0.09806036348111793
0.06169615083286488
0.0981666335676709
0.09452880134319715
0.09623179851433174
0.0977580224443613
0.1656360121204109
0.15450540486732914
0.15593750430290412
0.17757978075120417
0.1555844876935284
0.1443339332153818
0.04407483996083517
0.1826629211482044
0.102835274631627
0.10541158870688913
0.015556321562223219
0.06726171131726097
-0.005029262052823342
0.010085753876036774
0.1295086885587932
0.09232197989954614
0.11214410491387194
0.050144475208045276
0.07676854837314125
0.06011331197581891
0.04411180019504942
0.08911484240056937
0.002723448952019479
0.10146366552806228
0.06801138197457698
0.06878785208363726
0.0966157165433661
0.09834033716312938
0.10771071032604522
0.0843729168396383
0.07560609482588256
0.04561034003264177
0.09047319525893273
0.08574770029236241
0.028124985976712754
0.06275892364334083
0.07116297277205688
0.06973899101364366
0.22026848966553858
0.19899551316294317
0.22470163178763503
0.14271040778650365
0.08811874102404887
0.07357964486805571
0.08157431632701423
0.08194639559529643
0.07611828152768513
0.10850090263236499
0.042433571519774005
0.027667805181179277
0.09100979737874573
0.08819415838642083
0.09000158445866308
0.09105188568726535
0.16846887143775408
0.1774565529262697
0.16458642660615058
0.1978218188601141
0.17076863425761432
0.15784245011774248
0.11792855636986696
0.10723817817776701
0.1009171938929373
0.10145375548196597
0.05067207849378358
0.10492918150274631
0.0505873940724449
0.029006521543781524
0.13203598030795596
0.16075634866878544
0.06167173802297297
0.02197585484686182
0.05638888746955246
0.05938285883100516
0.03958616227866451
0.10435269619646766
-0.041207478303217186
0.07541844024677369
0.052541102275194436
0.046558582130823485
0.05121410466674609
0.06836885318468287
0.11730509014992511
0.10468031599562594
0.10769308923077789
0.07383677040219393
0.11456253649338903
0.06440383264675975
0.06737733231351888
0.0666544633929142
0.08348369606982088
0.03639513108497085
0.8775886747978654
0.5083596057299409
0.07397724401515879
0.057817385684428416
0.06611096588106212
0.05819807730840237
0.06165118003950572
0.2841451021813527
0.1960607284862383
0.154894051601746
0.013360628858844596
0.010655753426689429
0.01365002329590031
0.013232872055736334
0.1023576686202997
0.1018893718805203
0.1062556139797203
0.1061056346603093
0.096259737524716
0.12907588128331215
0.04533659056128675
-0.0019781237694939655
0.009339354095955118
0.008102270595389642
0.015212036222436689
0.05071569304541997
0.014381723027724808
-0.03210688640994749
0.169190958229532
0.10297319979651325
0.14117602342406083
-0.1576891587979174
-0.07274083688589673
0.09305027613610527
0.07060172063238929
0.01782197117198298
-0.1181870705826904
0.0467865217131742
0.09182587265788143
0.07048009928773802
0.008753001011882377
0.03782781380776971
0.18821214774319966
0.14133856488398203
0.1723398972157414
0.16462122206975027
0.19128129228909974
0.09678800888441763
0.1334048699165659
0.30859223947531866
0.1857832921611378
0.23178996565635557
0.7377824236377997
0.8175293025823868
0.7757679375333087
0.7153601032222918
0.05638419088634001
0.05493093858072794
0.07755184347292521
0.08602456496941456
0.0857382440179045
0.08446486000664592
0.08574172913956538
0.22354190760076723
0.21795239912450037
0.21473959426859562
0.19432419074125756
0.1606870923939832
0.13838534786135834
0.05549986975604604
-0.054672533479056026
0.08955960363116755
0.08783592384140904
0.03827329228732782
0.002774570987546852
0.02572471001849897
0.01581978791962153
0.07907049269138498
0.17064396146597532
0.12102356306432663
0.08195247713874675
0.09733403341006708
0.2807122894866835
0.25684148457345873
0.05154608717054353
0.027117315601906736
0.11553869872668704
0.12184597405082832
0.12118096576218575
0.10479742011707043
0.08146515392525855
0.21704092543320588
0.1148302565045229
0.03434995404406072
0.08440263643096572
0.04028963911403399
0.062031340158088644
0.07173769099197125
0.11173103829887332
0.28459603611144335
0.16741104178800925
0.625207438745916
0.04274620711614644
0.0345942600276727
0.03545492542742647
0.041696196385276704
0.05321713814059264
0.04576415979366379
0.07019944184049133
0.0487891815605099
0.06656277647937779
0.049505486205504386
0.02593295615980453
0.16022415677780202
0.02859132956267959
0.030286429930455622
0.0958915011117576
0.09547107412563534
0.09575950141738056
0.09853612312203212
0.14156810427607336
0.10987545696101059
0.16962111335812954
0.10681910624668055
0.13281166101200437
0.05701749432459861
0.02246173321596647
0.17539761018631092
0.14616132388133957
0.1849147482274001
0.010312901509719273
0.008893055899201311
0.1486926799204991
0.11414961825311855
0.12694275208896913
0.09426126216452617
0.13548174925505604
0.10159488131133754
0.09128715623165502
0.08800326226665428
0.03522246409996473
0.02378564633767406
0.2257009778426687
-0.005695005696842916
0.8543368869960424
0.8488883857841001
0.7703275070105917
0.5805963594379192
0.6236898872656699
-0.006125112720244196
0.10585778480267345
0.06167068298270221
0.06777189298667405
0.05291749533255408
0.03196166270485191
0.04049352721105242
0.015565662217157038
0.1031944018110645
0.15046068027656231
0.14153613841689947
0.1044186169946476
0.129875709922932
0.2705377475275252
0.23224007766801877
0.14122282307925568
0.11041772715513717
0.11073421884162034
0.11050099310343667
0.11382083530472062
0.1310942576121577
0.10221307562557819
0.22666195105854367
0.10746697677453515
0.0755464230142063
0.11564770717941537
0.08437063710634761
0.06899915404082048
0.04677856349732781
0.23896941811631944
0.2857570895005419
0.19297440414743178
0.042090066915158375
0.12030039273645066
0.018695967816251564
0.020211197758146195
0.11180978192492677
0.07913368029339563
0.09807083630586524
0.08615138258531357
0.1302430286575646
0.1321233796761405
0.10909389938643554
0.03646919840157392
0.07397127702716255
0.2418876249158227
0.18662430218593246
0.14527742981484815
0.08573794312393038
0.04093615491514725
0.10246511560968781
0.10129186167952797
0.08011943953562638
0.017392616905682997
0.14550361292503972
0.13451221654056678
0.08689735773820187
0.091063158882037
0.07442538110660353
0.07861105641202028
0.06547118666407059
0.18290698326525998
0.19666389842192994
0.2175213081323836
0.01489933819349334
0.017923677714339035
0.1055207828841373
0.1268995989529015
0.09688592911489584
0.06977861542723539
0.11868617496916416
0.07966019280206987
0.10567717716579636
0.012181536857740857
8.477973985169044E-4
-0.06024133201435533
-0.059204606498630505
0.06009943955263854
0.03494498801165825
0.01685691023051769
0.030088842186185995
0.04161726557239667
0.05687247302571544
0.007982240769844091
-0.03247451904789308
-0.0013364078827985963
0.03189122191109164
-0.013656170649949128
-0.012509072185467032
-0.03691879167422841
-0.14004345964884948
-0.013817303087110565
0.10580870315217632
-0.13239546655148085
0.6919316680524277
0.6427515063724234
0.5452391201346277
0.028332348889286114
0.04909532960092784
0.040127355811762244
0.12965892837032297
0.17739508871894574
0.07837641973368452
0.054761868891359734
0.2239555840296505
0.2489068245054664
0.1681587449981921
0.09588476164022793
0.11717067698863112
0.2080618081280248
0.13675599517608264
0.12872164547057724
0.06013111383271514
0.10841750489961567
0.11660252860597696
0.017794222809402824
0.01920511517797684
0.07449200414729355
0.05797833911142255
0.10677679170675611
0.07505917757903881
0.038159866640124676
0.07360274810207625
0.06268099894968815
0.19209705230510704
0.252726149589809
0.06875018827682879
0.03376798360612965
0.2296223379832619
0.2690640773350397
0.18542613801154942
0.07585713884834355
0.09162721959518323
0.20507611688857666
0.18156785660989314
0.12489842314127332
0.06993375613681134
0.11806723521960544
0.1605372000924514
0.05944864034989424
0.06808791421513154
0.07424410973516621
0.10594315603147303
0.10384854843375503
0.07515134492345088
0.3019785072954854
0.2605675954344914
0.10990311663095377
0.1454085876073073
0.014285412485034168
-4.771020823630462E-5
0.15783620315855373
0.08840130912889081
0.15429791182642655
0.021773968634704106
0.012372687119545747
0.1505763936973958
0.18397991258966048
0.05068606461969691
0.03837863258768844
0.0010483973300957925
-0.0017945562325021433
0.0017636285124416945
-0.022156381566726127
-0.08079959183094058
0.11897746749927098
0.1772639961021222
-0.044500986892669965
0.7319937489173967
0.04516498061377252
0.022367045798992066
0.44822270068980297
0.49098210473605436
0.4225176609607781
-0.012900234684183418
-8.781369364179399E-4
0.5019939646312384
0.47306754395382844
0.11126989134491823
0.09829456170637704
0.037141788921139104
0.05864090376667827
-0.018994651819847733
0.03427938261217051
0.04373248607359237
0.10002427558106196
0.07741040402582675
-0.037289461861182864
0.8012615227339694
0.0950533082324578
0.0849404331706162
0.0837440300472233
0.16231246012475223
0.16120348958471498
0.08948913393225393
0.0467720645022703
0.30840229624721394
0.0016202279229367608
0.0022056626338368746
0.02918056522273644
-0.023544775188995323
-0.011452346767207822
0.034083224348689066
0.09647572370830897
0.3133275040818296
0.25616712978445444
0.03992299264647224
0.05595075075354016
0.05613770908342938
0.18408395505336736
0.18460051918030074
0.06961343402776637
0.02594137106629481
0.28289002490609566
-0.016191826261408228
-0.049625086244752245
-0.016252192050239672
-0.06301136984089141
-0.044229744528854226
0.02026774939202731
0.03677064556492635
0.2903412158320271
0.20153661333849693
0.5417832753480007
0.44750118866540206
-0.02913168787870307
-0.04389223426159435
0.4511269381981119
0.4022170902497021
0.11777729629000484
0.16214040465136964
0.18395335860546777
0.10426528328402135
0.12271262934296043
0.1546611796263705
0.09700537442067375
0.14180984214471679
0.09448325118011743
0.009483244323197861
-0.008293109744331372
0.11060551959596257
0.07931792550271022
0.013638309794020673
0.007597796104840351
0.04546077164537775
0.2163385584765743
0.3489165046971847
0.2451838297127004
0.473329562456849
0.40474764111355
0.30836175683373906
0.264312763065399
0.2504315298841761
0.07994344283794633
0.12738743669073835
0.40189274744015907
0.35502821505711907
0.20148344099729304
0.036088934210565374
0.12724279609615857
0.2041811791956324
-0.04253475501823568
0.21258161665487652
0.14076602351153059
