0.9974842539694739
1.0
0.99517658116072
0.9901509482642509
0.9719662754336964
0.9766707642578293
0.9775613871558336
0.96723245920778
0.9979944615568636
0.9731296615161759
0.9868201188011124
0.9886310624555747
0.9834878845829638
0.9977295559850249
0.9897369766563213
0.9989147938714872
0.9900881930858904
0.9973365793299592
0.994148038679871
0.9893358910483308
0.9980492092274548
0.9921250194212792
0.9980852486945742
0.9946927808099201
0.9857842374085722
0.9994138268089492
0.9939976853180073
0.9954714949962684
0.9959526789137899
0.9943451253789801
0.9987250703544339
0.9950897414561672
0.997214419667863
0.9982695028141813
0.9938266829453136
0.9974549041249092
0.9895335345493883
0.9971399778735832
0.9957026522360446
0.9971445048047447
0.983629458868609
0.9917810618868367
0.9802182912430755
0.9809600309559687
0.9935787832328135
0.9796375919742816
0.9910766265041688
0.9901085688548009
0.978599981430286
0.9959936070530572
0.9901982958254597
0.9945029252767668
0.9942334069475972
0.9866778298423147
0.996224072786913
0.9915979078037428
0.990224735398847
0.9941827647200763
0.9894023520138608
0.9959500425980031
0.9821515053123336
0.9940788648869718
0.994333377123728
0.9920770063097313
0.9983721457260312
0.9887031725838172
0.9897961834237685
0.9925146077662932
0.9819285076008365
0.99273466530563
0.9823345632912064
0.9913220816133274
0.9783346108274008
0.9783915873081223
0.9937751703847163
0.9834419308352906
0.9739992094074987
0.9828702631627053
0.9856934680544297
0.9900685172466953
0.978221903120798
0.9865682821650057
0.9857627928520941
0.9835204156220799
0.9606496490696386
0.9888811424085545
0.9927451444163576
0.9924933780450444
0.9897528254902405
0.9946100215158852
0.9828440683635415
0.9849444701952028
0.9797745922881362
0.9899937609355114
0.9910041511675464
0.9910833485419015
0.9593050420393168
0.9929503424911807
0.9928764069082171
0.9900128486735708
0.9877148930437432
0.9886029070562453
0.9920455898544277
0.990683849324394
0.989561973026127
0.995697735362463
0.9964320773528206
0.9970185630837959
0.9677319886429523
0.9945505788494107
0.9939886052112384
0.9930866652425344
0.9883122784257126
0.9925406092166951
0.9924254536116051
0.9926277910648449
0.9855836380994558
0.9869209989904795
0.9891032184075085
0.9886546488497736
0.9652708439225921
0.994596504100066
0.9911165951157006
0.9922431825248658
0.9852703051069377
0.988362461272356
0.9916659874144012
0.9886344904030233
0.9896933810323673
0.991753416711255
0.9890792649657772
0.9881055263392584
0.9602285522106776
0.9827594146891043
0.9658992516581533
0.9898811323425313
0.9483532084999446
0.9887931269621345
0.9793924129932877
0.98560541633396
0.9916603683502817
0.9878423380688743
0.9931556361426502
0.9942003535215493
0.9819135285581541
0.9959296949621534
0.9918186386891101
0.9942488741096118
0.9927882846147064
0.9958776172808804
0.9892132583505456
0.993786229996231
0.9903682036908104
0.9935507468215852
0.9963515958686419
0.9952453255165583
0.9861744625578951
0.9960295829398251
0.9959849520175573
0.997074479363162
0.9923068046992165
0.9933387747866856
0.9953164033780604
0.9931201741504483
0.9922847813951114
0.995090027050073
0.9947717598612384
0.994029007912284
0.9878923050457701
0.9976933786192679
0.9969565727579061
0.9959566785637793
0.996808847396186
0.9942705938881375
0.9961395469477579
0.9948030722485014
0.9935223402932803
0.9955551554775034
0.9969521138784436
0.9972092957032478
0.9900353080321855
0.9976726286648496
0.9970311522952285
0.9960169866935996
0.9932195381887594
0.994612630110947
0.9924533262357011
0.9957228303755449
0.993270827690929
0.9939041811405498
0.9943255352813771
0.9913949160137818
0.9876830140547499
0.99364558629324
0.9927645625494432
0.9947545639112407
0.9937299696335606
0.9906169574947931
0.993543403753645
0.9951144553770048
0.992486010952387
0.994287240721376
0.9947288118613824
0.9968220995614251
0.9925876596056874
0.9970365213343566
0.995759995071887
0.9968510651474733
0.9941523355279692
0.9955105985706592
0.9947801469772904
0.9960570782356413
0.9958469794021195
0.9935848747726875
0.9975912197146876
0.9962314885875274
0.9924814212359533
0.9971575907099308
0.9956765222603576
0.9974192366097738
0.9960708532370507
0.9966456880552091
0.9973806048492171
0.9937592487389633
0.9968772346605348
0.9961738504530595
0.9949559361833614
0.9973426194446423
0.9893961546912904
0.9973592172336231
0.9950942897000448
0.9933967298301604
0.9954706177967082
0.9882653716675052
0.9919080283255759
0.9884432784427674
0.9760573956589809
0.9909018014847725
0.9764173900561514
0.9936748152499472
0.9914645840673095
0.9956852668897865
0.9955106457727584
0.9947421373543045
0.9953751622106948
0.9936664077806836
0.9963491529341095
0.9979160237144638
0.9953172518762031
0.9977244642215638
0.9955272074636076
0.9961291230420648
0.993924303354391
0.9978382592201818
0.996523315932294
0.9985608998681157
0.9988105208344353
0.9977186064963116
0.9972581406975717
0.996702773502907
0.9969275185326313
0.9978389270502854
0.9969038098746931
0.9965823672526278
0.9932805902059734
0.9977882107096836
0.9969516154662582
0.9963913719931465
0.9969710073708647
0.9971378158218376
0.9973297806674044
0.9965971525921158
0.9968476791009985
0.9956714322234635
0.9947400248413283
0.9952603773445785
0.9908483447039909
0.9960429081688229
0.9958442860709688
0.9963601369179238
0.9973030354281315
0.9971927121975434
0.9968617978077198
0.9969169103182084
0.9972492803629859
0.9987669434319235
0.9988187416520501
0.9981098489513935
0.9948154814841911
0.9991934861642857
0.999198734315795
0.9989683465621044
0.998780430129528
0.9984139702015595
0.9975732165669668
0.9974863190732364
0.9970745005510521
0.9972509394333412
0.9977600336488212
0.9974953383215417
0.9946227718646623
0.9985036647314665
0.99867484933102
0.99889398959572
0.9986936722128678
0.9990057727670745
0.9981156193175197
0.9972759670383488
0.9966033445553698
0.9979337149664322
0.9975020062781088
0.997734257147569
0.9946126594218458
0.9986807820608461
0.99805562469908
0.9988496318325002
0.9984083961971885
0.998477720866304
0.9986036842849998
0.9985672727562651
0.9984421038143941
0.9988148320899244
0.9984691209561507
0.9977652755318736
0.9941650761710464
0.9980088450314994
0.9945408856982928
0.9920842907887979
0.9931797480253932
0.9936527788875776
0.9934764398852783
0.9931096541518621
0.9924095315125274
0.9936850734168878
0.9915556760128635
0.9915021864675877
0.9895786890493311
0.9926800892290986
0.9883957075630507
0.9897642317048716
0.9902785708737776
0.9882796598267414
0.988712936124872
0.9872787950244872
0.9895129961207086
0.9916452402198358
0.9929560451698203
0.9932702935965383
0.9883660681459762
0.9846297449074638
0.9764794248612095
0.9714186912771583
0.9670970244731697
0.9694865386443552
0.9707463713662166
0.9755212324965801
0.9787212936585482
0.9805854192287371
0.9824681069987052
0.9873560841400536
0.9870532401166858
0.9920188857561769
0.9935593332093097
0.9946156347723837
0.9951352668311838
0.995108930406578
0.9949051804823696
0.9939707475346993
0.9923997801322453
0.9917551644705046
0.9836789494281831
0.9789417372828229
0.973404238088806
0.9773110966008073
0.9758892393366034
0.9748222504308979
0.9714937884224819
0.9732594298511823
0.9711074997964074
0.9716203745026032
0.9723963858734164
0.9739376912123395
0.9756062908013707
0.98062869103074
0.9825656994073316
0.9904458178095304
0.9925953058633603
0.9920039736163241
0.9863859314390078
0.9909845313091105
0.9915842903775597
0.9875008437829723
0.9872577826686934
0.9874148057408153
0.985046417652606
0.9843668656820485
0.9820406368606469
0.985070146173661
0.9856185229910899
0.9852067580833145
0.9869075617376567
0.9868707459095688
0.9870042214724276
0.9890084424050577
0.9902417702920654
0.9919775790780859
0.989793220587114
0.9914083506848084
0.9887050723575512
0.9915636531513515
0.9926280936303364
0.9957255486097438
0.9926108187979651
0.9933702909516035
0.9904229272477716
0.9931480451546989
0.9896859707340308
0.987499723994102
0.9854701959729865
0.9864946084333858
0.9835681106104981
0.9891317115087344
0.9805650644767755
0.9792058032247213
0.9746515090866765
0.977474308646059
0.9732484305846895
0.9665040021659803
0.958882040675842
0.9598242352903978
0.96549284481264
0.9604712813717313
0.9433789491736373
0.9497686260208729
0.9415713249001566
0.9432305674732644
0.9473827102215896
0.9415246070475989
0.9410667672569476
0.9345501186827799
0.9483947172782037
0.9578388282037149
0.954084416576238
0.9395355352475045
0.925373791839106
0.9309271975679134
0.9200140866686913
0.9310210375158081
0.9495578007406292
0.9459011180187198
0.9434573301061576
0.938313507160725
0.9243730079894542
0.9183039498662554
0.9138145891728853
0.9224093795434364
0.9354112031891405
0.9274803860441085
0.9101801207732004
0.9004989545834028
0.8984630168467261
0.8965170812059343
0.8957931886134864
0.8951773263718139
0.8970149460913914
0.8959769989674805
0.8818448816517661
0.8969922276040188
0.8976579929689706
0.9000391492365397
0.9002086781900687
0.9052001435040804
0.9090545047184878
0.924508222275851
0.9306876871875519
0.9261820507868035
0.9347974527887819
0.9442600016688566
0.9418806531987678
0.9426587699216777
0.9452597782645779
0.9426610566719512
0.9343570865311264
0.9478217942200553
0.9480006094096007
0.9635669117264046
0.962926348612334
0.9685602993246075
0.9794780437794466
0.9782034253446984
0.9777075379941087
0.9794001135727338
0.9712651884260594
0.9750974201389968
0.9775305045477569
0.9842606402169252
0.9820750819496685
0.984962963000985
0.9827251694885816
0.9852834562138062
1.0
0.9814165892591349
0.9728725605299912
0.9708844732287496
0.9801039122515884
0.9696670265710338
0.9840016701583254
0.9716964924128839
0.9788395097668373
0.9818792110989305
0.9895705160011967
0.9933126134142458
0.9919833374043686
0.9882989054598534
0.9898564218349003
0.9887474772138906
0.995135918664386
0.9793807441567309
0.9913054892889838
0.9906310091663457
0.9884687008425014
0.9934122419806615
0.9811637527893557
0.9858267436014494
0.9912598222854043
0.9875964037764094
0.9959165780180738
0.994142950140492
0.9962712666529897
0.9867022139702083
0.9987298634753948
0.9983719407330653
0.9977031276282163
0.9983765127848165
0.9989887281656702
0.9990621528689094
0.999002299954365
0.9972617290610324
0.99732858663871
0.997924816636365
0.9967547486713451
0.9885994748201183
0.9980383915624143
0.9985065577310814
0.9970941410714715
0.9968080857363081
0.9972401986345211
0.9975314450283103
0.9970740734097415
0.9955660846087045
0.9977050206008993
0.9987281466034013
0.9987142214513076
0.989852113778287
0.9983350136573708
0.9972020807219082
0.998722674736616
0.9983854582655899
0.9979750956221353
0.9984706621689293
0.9985129758626934
0.9970189294455436
0.9975175693271975
0.997073396442395
0.9979102576233143
0.9901526258891052
0.997763006446771
0.9978467274800265
0.9990628274730667
0.9987974270632054
0.9993089578046692
0.9890293330668791
0.9958725395132985
0.994882290042544
0.9974680277181193
0.9975374737472422
0.9984633899802512
0.986555883551718
0.9978218117660516
0.998447829309024
0.9987332633786206
0.9984138475764686
0.9989458847819741
0.9977323829046906
0.9981199403716569
0.9980963376989331
0.9985404684376038
0.9974818473519952
0.9981971267715587
0.9905813193196483
0.9990876218562513
0.9988189047814815
0.9985146281555816
0.9969032362722812
0.998526333362505
0.9981061256824295
0.9993352836049317
0.9984987536010941
0.9991651284811204
0.9992615371194489
0.9990013311451528
0.9911519010585397
0.9994175145239138
0.9994606344281121
0.9987966736424475
0.9987546016519545
0.9986984919518221
0.9984043047318022
0.9984371489368481
0.9976492101730785
0.9993605966262967
0.9991208084032671
0.997844263670301
0.9932992640345023
0.9992248077459173
0.9989340473384162
0.9991073430698265
0.998102722798897
0.9985180909542973
0.9983176751856513
0.9988831231587838
0.9985384886083047
0.997412441007732
0.9987230569728803
0.9980583789666034
0.9926007868798933
0.9996861471859433
0.9993650091533569
0.9990687943569814
0.9989199763548272
0.9995443359925053
0.9996662625806758
0.999308238926158
0.998568303286461
0.9994899666494348
0.9990969898480817
0.9995297048208285
0.992987927448242
0.9995108976057574
0.9989190802690627
0.9986075346847748
0.9990371849747322
0.9987318222002178
0.9990467260143757
0.9995279670761305
0.9983617018751081
0.9995263756671867
0.999020782469298
0.9993864511705638
0.9934957190900108
0.9990483529024002
0.9993850828933455
0.998265877854421
0.9969281276291109
0.9974843337214689
0.9961765249012546
0.9986976972362465
0.9942365009549676
0.9949252387644878
0.9917490521892547
0.9956701822391427
0.9806706630835595
0.9930196387340697
0.9777479600689538
0.9946551614548309
0.9823104407731943
0.9910265278842033
0.9938309832051146
0.9898117545907936
0.990676480262313
0.9920965362801897
0.9950667506394022
0.9956721007479837
0.9789002603508908
0.9952806290460466
0.9930461673357612
0.9957003792560452
0.9969955360406706
0.9904693420122517
0.9948405218484265
0.9951267182628404
0.9911528765412755
0.9935806501133819
0.9902387404892983
0.9946341727776973
0.9845156271727804
0.9955536941828712
0.9959433171216521
0.9955215615580097
0.992731504849949
0.9917683521493157
0.990896979302836
0.9937839155062465
0.9895343245527486
0.9926385197220057
0.9928246679359368
0.9925347671205056
0.9881323348449473
0.9916585098400296
0.986122990297556
0.9921446418184263
0.9918074274476416
0.9939143891190677
0.9932325803905294
0.991665084204159
0.9906061839221595
0.9917801658476708
0.9910040127391846
0.990557047307252
0.9861800368461703
0.994426882351947
0.9940537017564852
0.9941455570265202
0.9914774751136184
0.9930296047278717
0.9937503723822809
0.9924486377861192
0.993367916050051
0.9947897072534732
0.9932848482908501
0.9950972396846653
0.9891792256496064
0.9950528243513561
0.9920793335431133
0.988508840793175
0.9895423536882346
0.9923711848628562
0.9892096614363799
0.9857930920127681
0.9900764076119666
0.9920022616276061
0.9874674079309904
0.9862641087209004
0.9854473146098955
0.9925573704554048
0.9937856230060373
0.9925914287575195
0.9928506336297689
0.9915574319748891
0.9883326780246824
0.9807194417809716
0.9732107719915608
0.9786077381151184
0.9783731731810024
0.9786187795840418
0.9765185995931172
0.9861850305029802
0.9875284184251464
0.9883680296311845
0.9864372776867466
0.9896223910052294
0.9890969467146566
0.989511708887497
0.9885297269413144
0.9878331023721096
0.9902969969808315
0.990398297475558
0.9759642863721498
0.9783476703259764
0.9781693902035091
0.9796093597698949
0.9800918541215513
0.9764632973342801
0.9780682827503845
0.9815308668605173
0.9881558781290086
0.9915036584632272
0.9875510554357037
0.9917178388781865
0.9879758388996838
0.9930026530771106
0.9911737349960851
0.9917267752300998
0.9910453823420211
0.9942741541422145
0.9900549503724593
0.9907820067783384
0.9930085591369524
0.9938558722697548
0.9940730869204533
0.9947487899700375
0.9875101806838102
0.993388541277568
0.9877091356633481
0.9922868874408501
0.9958770820737316
0.9940113396386276
0.9949348418906357
0.9952049059894861
0.9964801050619734
0.9938529336311352
0.9916130082782746
0.9951924587951934
0.993534767348259
0.9954606616880937
0.9904700423256779
0.9954586231487479
0.9962857827321858
0.9949820222784037
0.9965920193582637
0.995584074528141
0.993631374123487
0.995408307417437
0.9967768199891747
0.9959286912563868
0.9927671460596807
0.9973867722258551
0.9967447715209036
0.9973232479855118
0.9973140838824509
0.9954772991458785
0.9961639044979711
0.9953033740696957
0.9939815441910334
0.9946250809012349
0.9920249688130444
0.9940428002103104
0.9880031100158585
0.9918264605736897
0.992424593049324
0.9901375736719804
0.9925217316020898
0.9897065106208339
0.9900372184804073
0.9926458997322883
0.9928784027042914
0.9930826891356855
0.9962571003694948
0.9980030797936663
0.9931445518406077
0.9933115184036792
0.9898272708164442
0.9921715566287301
0.9945696020028838
0.9943784444436135
0.9931071343340102
0.992751548352177
0.9973372679364163
0.9982028622740802
0.9955691560828215
0.9948570952951985
0.9933250007987446
0.9969709575949265
0.9968458610856181
0.9972899238728122
0.9965215508498612
0.9964312750028235
0.9962804391610063
0.9954382725162297
0.9964104426715907
0.9967201898930749
0.9954053212057733
0.9962551593675671
0.9932432761053364
0.99795791427353
0.9973573324133804
0.9969045285150095
0.9966602245998658
0.9975930020354243
0.9981355720779449
0.9979440623894025
0.9972808357871434
0.9980772293969202
0.9983471824555513
0.9986935436449577
0.9947619891207152
0.9987655468270926
0.9975824891205712
0.997871689804406
0.9977983813812533
0.9972801527537639
0.9972749979849339
0.9961626497486488
0.9963104109338429
0.997054905169106
0.9962131989277621
0.9960964399275775
0.9932552123277608
0.9961085012282955
0.9957453042009868
0.995779134394988
0.9956807744846011
0.9953014722839102
0.995048712159307
0.9959293489061345
0.9961352989754539
0.996680397920354
0.9963353141304424
0.9956995416097235
0.9932823502601901
0.9980287496301352
0.9959475998160554
0.9964027618258268
0.9970338523454422
0.9972225315768564
0.9964536280066131
0.9957580059124677
0.9971620072174489
0.9962844884453246
0.9969936480166073
0.9957624809142611
0.9929686626094781
0.997778129391445
0.9964621094361098
0.9977391112813662
0.9973601792822762
0.9959495944451197
0.9968459357334065
0.9945210571489325
0.9951760099750844
0.9964721195450965
0.9976119934706967
0.9973863867156925
0.992678889842301
0.995226940829738
0.9914447607395137
0.9901670038293976
0.9870170895720843
0.9842264323077575
0.9836539993098493
0.98070233986037
0.9781674331327473
0.9803076930674561
0.9829276965940235
0.9870932810662926
0.9866790451834145
0.9931037189748599
0.9943444302159106
0.995412430325212
0.9962567577705141
0.9960430670998686
0.9962031984114461
0.9947820632769573
0.9929267331015023
0.9940886984074021
0.9933314754897903
0.9916860822384326
0.9870866970067621
0.731170961245147
0.5698956150649568
0.9606367171638098
0.9729482763910456
0.9625772094146139
0.9486940508363356
0.9676510252073369
0.9588710035716933
0.9678743755808715
0.9743412253412858
0.952892829354206
0.9558876223743933
0.9718016406701997
0.9681276748758212
0.9706449705823692
0.9817711075433154
0.9680527316345008
0.9748582483615529
0.9789766507675398
0.95246664763285
0.9390284172725204
0.9492338523437723
0.9555651641380013
0.9468823976808605
0.9341005161244541
0.9169567748148808
0.9153246837618694
0.9211270526426455
0.9303377376211863
0.9438695779775506
0.9560100740854677
0.9598177562749172
0.984882319072109
0.952696743991514
0.9388807560291899
0.9250866584407933
0.9323906124271772
0.9470923771461253
0.9479281765639216
0.9448631734295176
0.966969015554775
0.9560474296770588
0.9491132809517159
0.96046545935923
0.9579320530359934
0.9597896277588939
0.9516361049769495
0.9631260047403161
0.9625764999657371
0.9393001046458539
0.9434678419422586
0.9548913350457012
0.9385006401394718
0.9399296596550482
0.9471492016869828
0.9495801250305393
0.955305038361292
0.9755258410611325
0.9461920057874432
0.936027346660832
0.9633644050281401
0.9848885054147681
0.9823570253769867
0.9576760036437658
0.9526382801877571
0.9556818394581036
0.9454827408889248
0.9378759541964985
0.9473983269604919
0.9595249066466772
0.9516568744041505
0.9457407568961526
0.9540816197748415
0.9475579440400296
0.9498011552511457
0.9640748342748421
0.9695629020645784
0.9852168854512561
0.9925426288183303
0.9691168708647242
0.973398205477293
0.9695504219837248
0.9708248313032756
0.9651214316968194
0.9781709352586536
0.9777277898193983
0.9767116285278434
0.9808172207809696
0.9831131296129179
0.984272447849568
0.9935649820612406
0.9865751176983507
0.9932250033298544
0.9888592434138872
0.9903100278806348
0.9853437537779801
0.9934806929252236
0.9915451241500228
0.9916220233829072
0.9916501634314913
0.9956676591269237
0.9838378947925345
0.9916879752377681
0.9819506440832514
0.9945864813162759
0.9949750304910112
0.9854064361593768
0.9847706518674673
0.997756953823316
0.9949638203373186
0.9982823508073477
0.9967745439915591
0.9989772413938192
0.9833679033646718
0.9975267817120108
0.9955380644646782
0.9971896816453788
0.9972733779512223
0.9981800165334697
0.9887981867304281
0.997147141165713
0.9976018679388268
0.9987283939749753
0.9990851286836941
0.9987279965354714
0.998403972924009
0.9975626694541906
0.997176800315728
0.9986410045896773
0.9985301310118084
0.9978748019721086
0.9909761127660827
0.998384162619683
0.9994183327069391
0.9986649714012595
0.9979202003313311
0.9990387681036841
0.9993559636787314
0.9981570250769488
0.9985031191207603
0.9988284972934742
0.9989435607288234
0.9992231595679442
0.9921586804829854
0.9988545338996917
0.9988325046964059
0.9977393437858857
0.9972238408461567
0.9981514521453735
0.9972527969298938
0.99826696680733
0.9967686467427449
0.9967881225300741
0.9979875664036374
0.9970102403148206
0.990384765350533
0.9973610517310356
0.998424055124081
0.9989396692420827
0.9989039195103621
0.9988436688957802
0.9983474076709817
0.9980332733493272
0.9981608944393046
0.9981418583173525
0.9989120905383293
0.9983542973245346
0.9919928112585094
0.9985322159342045
0.9995095339193668
0.998732951665625
0.9988527325925611
0.9994602849351254
0.9994507996035609
0.9992592559715994
0.9984533767384861
0.9988127976443544
0.9984501237855847
0.9989867887846473
0.9933724803515491
0.9993194397576934
0.9989622461933169
0.9985709282237158
0.9980669734295787
0.9987684229568466
0.9985391700909915
0.9982626022555549
0.9972200701038011
0.9986319596755311
0.9988609764058473
0.9977515733557436
0.989138100997577
0.9988322241760869
0.9986869827706659
0.999122382644621
0.9981530205544781
0.9982392921570488
0.9984388907394778
0.998495743009168
0.9981549870359328
0.9988481579637635
0.9989251893965303
0.9984507438677234
0.9922318488366062
0.9984441658866684
0.9989189378635834
0.9987049763430899
0.9978606927970202
0.9989518884098822
0.9987705458898262
0.9979446968721247
0.9975139232216663
0.9988775551894032
0.9990933860186846
0.9988245428155224
0.99369263275865
0.999191090612248
0.9990267318368874
0.9991929626771935
0.9990177380985703
0.9995972288192815
0.9980240157987961
0.9992505950249233
-0.021014012614616075
0.994825369368792
0.9941160888216877
0.9938916556446751
0.9914747395615319
0.9943443501021214
0.9948457749405902
0.9940369706947885
0.9928033723341199
0.9920806122187831
0.9916419895838783
0.990205517959863
0.9901953613027079
0.9926117728308353
0.9907712997296946
0.9917234373578712
0.9914069970816967
0.9927589694770457
0.9902862064333658
0.9908443767577848
0.9935931684655837
0.9952226833715317
0.9933378676754933
0.9940959484059425
0.9932268086416411
0.9946474070857017
0.9914261932567286
0.9883908087613773
0.9858763983636175
0.9894527680777234
0.9906779474761477
0.9914070055630684
0.991814657565823
0.9925137509539039
0.9922745403527683
0.9951940324676939
0.994548993104968
0.9959619285830111
0.996039292577932
0.9957178082531354
0.9930715987088694
0.997065306227124
0.997007417425029
0.9956615011121046
0.9944719065459449
0.994242948730101
0.9929057748227208
0.9908556761209193
0.9923526079406532
0.9972374614684305
0.9952630147660514
0.9962671657449875
0.9914260729550184
0.9957137007966924
0.9959234683690487
0.9956899012071296
0.9914667521353697
0.9918688703604431
0.9922643010618984
0.994235045792103
0.995048580444289
0.9968563455451165
0.9956675568575005
0.9957258349313726
0.9916864654519698
0.995105953853276
0.9946005837993007
0.9938095405986718
0.9953226740414897
0.9969380545115718
0.9964572131834171
0.9956809601106994
0.9930411098750481
0.9937073255097001
0.9964230344582572
0.9946670202099438
0.9909532034364792
0.9918750717177639
0.9918152266464438
0.9890137330719412
0.9932528862001502
0.9938342796194091
0.9940677636812855
0.9959622562481975
0.9961182314721406
0.996251652891371
0.9952275448081752
0.99658471407605
0.9922715392223295
0.997142996779463
0.9972792518734734
0.9974857477372862
0.9976887503701427
0.9974759187303323
0.9969550227184196
0.996932350372846
0.9968049094693037
0.9977137278230392
0.9976508525770184
0.997231120755088
0.9938088264854743
0.9970155436716875
0.9945778751176894
0.9965415167333826
0.9966195973804204
0.9951583762088811
0.9959838149485764
0.9963614705988281
0.9962044385308021
0.9965812849115484
0.9972037987855333
0.9927301440157881
0.989646630434488
0.9934260437079964
0.9902849426470551
0.992339835169272
0.9915671964705397
0.9903412330508455
0.9915798908882022
0.9916761991526183
0.9906138085599566
0.990565847110618
0.9914136942153823
0.9897836972686842
0.9895038211377521
0.9953771302897805
0.9952394535003306
0.9959709298353718
0.9949063686748718
0.9962311934644673
0.9970966747184815
0.995616360757523
0.9956730555876258
0.995781420824309
0.9963113776348214
0.9962083871681572
0.9933343157604895
0.9959426042439361
0.9938549110401479
0.9929648032382522
0.9951738469452863
0.9946960675321131
0.9966001445501015
0.9973992160611018
0.9959334302498375
0.9973352529198454
0.996101121541917
0.9968084648800157
0.994051657627293
0.9981321425300145
0.9964634498354743
0.9952365372726353
0.9934968244237967
0.9931116009027477
0.9941056465531569
0.9940206312616883
0.9950984123212325
0.9943233492921675
0.9945868828989552
0.9935286983520166
0.9892906427938235
0.9864087722768575
0.9838482695319287
0.982971899947242
0.9812859752154645
0.9756406048946149
0.9736491707054562
0.9738206299039973
0.9737867460010139
0.9773248593000605
0.9843454342143413
0.9869411215930365
0.985003789547862
0.9929410736974555
0.9949986377200053
0.9957938578899159
0.9966323885688225
0.9969773365101553
0.9969444894447058
0.9969186594464932
0.9951202374331202
0.9933965177186331
0.991538670419021
0.9919959904418231
0.9895498303578618
0.9926016946529375
0.9888467315345191
0.9851594520373369
0.9833622020178123
0.9864400758175341
0.982792076699007
0.9845021295562634
0.9889951233725123
0.9865298202889473
0.9801021081965736
0.9824102512026451
0.9825643417465589
0.986803460972667
0.9909312200314986
0.9893884778265655
0.9854715605785923
0.9878427830959979
0.9914710946458817
0.989465417859107
0.9902874913478964
0.9925860266218054
0.9908158300093682
0.9966174386746293
0.9866945045835355
0.996896497775279
0.9873701901516198
0.9947371502878799
0.9898575589855263
0.9942548859016948
0.9858689079863389
0.9949494998105871
0.9877071752545683
0.9926813315633602
0.9919748097753843
0.9897528663298868
0.9843984175893948
0.9955184237683917
0.9952943557168307
0.9918711968170629
0.9860108195857995
0.9944845785691037
0.9902022301440202
0.9860627551314597
0.984124893072843
0.9919937061109958
0.9940143270570604
0.9913297796790168
0.9822124939908146
0.9985301458465186
0.9956474872071973
0.9979456712131735
0.9944419481491608
0.9972184644097226
0.9974583090607294
0.9981609405615677
0.9961835787404453
0.9959703399292436
0.9960485165179744
0.996198144014575
0.988894042816742
0.998683842298271
0.9980903034711811
0.9990840196596877
0.9992414977646111
0.9990105517208727
0.9983238833495193
0.9987054534191987
0.9988051186539291
0.9987678679867588
0.9987751775005221
0.9992339859485232
0.9920931586635193
0.9997484735633825
0.998431786122192
0.998413642952234
0.9995447274295081
0.9993329813282031
0.9966472222119699
0.9973929938085082
0.998336836604063
0.9988461946294035
0.9987717801223571
0.9982873550152146
0.9926867997594286
0.9987176210664049
0.9987038432375286
0.9994866679612996
0.9992926336803178
0.9987505496910095
0.9987131963213848
0.9983630841918384
0.9977821155839842
0.9990986760037802
0.9987800597640577
0.9993381524737452
0.9925115710736329
0.999612509286516
0.998560375559646
0.9980190463400291
0.9986818715608397
0.9979161229846658
0.997783593476959
0.9979182229932785
0.9963811497267246
0.9987614644464305
0.9988931203200173
0.9964699565479452
0.991202131122477
0.9990334446026056
0.9994040716962919
0.999116774672755
0.9993356941159702
0.9990719411177782
0.9990420019556234
0.9986122329813836
0.9972829682467084
0.9987386972216608
0.9986536724164781
0.9986281874420796
0.9907781211589706
0.9987529912520562
0.9979355056626289
0.9981013124835945
0.9987481287723878
0.9983838997923343
0.9979024548322594
0.9988813447442075
0.9977795976021973
0.9985413526443954
0.9994091824335016
0.9977767513437358
0.9929077448859329
0.998069305465879
0.9979539372948071
0.9979962235032533
0.9982636028705191
0.998392101220709
0.9983567541637127
0.9982161792287143
0.9984747037569085
0.9985164462149878
0.9979602943466794
0.9982706112652879
0.9924592367206271
0.9992574899693658
0.9994035991716347
0.9992681762595825
0.999119475659995
0.9994537915748658
0.9991319514926891
0.9982806125372823
0.998818214260178
0.9996128467088833
0.9977879840219562
1.0
0.9992204937483552
0.9916341017213886
0.9994768845261817
0.9995904589460954
0.9992996128341245
0.9991218851869167
0.9992553798963475
0.9992677276992294
0.9994007716818254
0.998403675296751
0.9990224157836548
0.9990773195466728
0.9992192663966952
0.9936619797097003
0.9991203897446448
0.9995235283380558
0.9987532388402479
0.9994265877231058
0.9993894486541941
0.9990165834798264
0.9994114624578138
0.9984274749257854
0.9987267258339597
0.9983157143464357
0.9977837702762169
0.9937775603559732
0.9986347411782577
0.9977274526267289
0.9984023536890638
0.9985138568224624
0.9996289641586904
0.9896329965573117
0.997760077917443
0.9951911147803678
0.9981846911722431
0.9983243027932401
0.9988598341990357
0.9893894148686178
0.9990045741180236
0.9991828260401786
0.998647063829076
0.9993688248582094
0.9986539587818113
0.9982412667746933
0.9989343237336267
0.9977712579966943
0.9990601065066584
0.998925553771379
0.9994381621651386
0.9943478097056653
0.9988683662316722
0.9998477009488624
0.9996569115622828
0.999690704470922
0.9995098404356101
0.9996952844375029
0.9994225535071168
0.9986209293957657
0.998390398207309
0.9992677706630697
0.9988584939747057
0.9951032398545488
0.9993245386377496
0.9993899477491476
0.9975978394480438
0.9976837829471586
0.9978780391796451
0.980439662122113
0.9930474238395064
0.9796922768776926
0.9738885919522013
0.9938192405927164
0.9745767856891318
0.9818225163504879
0.9918417882533328
0.9909516802853555
0.9960688662906954
0.9874130208774965
0.9892302461353999
0.9907206290915694
0.9808188238234343
0.985695492408501
0.9871806962668718
0.9843632693839387
0.9831044585478077
0.971968178996562
0.9867089824985412
0.9746524864242897
0.9459850205876164
0.9045567033103135
0.9009257822261436
0.9209836236788248
0.9310428991607648
0.9337962122927116
0.9410195898160124
0.9563218175420762
0.9555893724956973
0.9476840240899034
0.9669861800453673
0.9818347482832572
0.9858870331084862
0.9708091606538292
0.9815912805845921
0.9742997723852538
0.974713825300216
0.9664933705293746
0.9505074941748068
0.9365283960326196
0.9387987019230731
0.9567505362578428
0.9507097744409483
0.9329382439405716
0.9279374799607604
0.9303784653626376
0.9342337242551195
0.9394415944637327
0.9454265835713072
0.9600345289960344
0.9689892083364986
0.9768540105335605
0.9810102804348603
0.9739257794397559
0.9754903059743042
0.9751738065931685
0.9799541039802855
0.9782079250111704
0.9743913018530913
0.9734145734620336
0.9666712316646904
0.962060080025348
0.9591640126041708
0.953775006582022
0.9552718555551609
0.952099654319501
0.9592771999577552
0.9641923026150446
0.9617894533255145
0.959538749682164
0.959547248194292
0.9613534160054011
0.9697515127756057
0.9713871764845009
0.9595202901112999
0.9690793329400648
0.9816168612293767
0.9821532175502689
0.9891678080713141
0.9800478074691958
0.9660994831638976
0.9504489700075667
0.9411740861927248
0.969416388286404
0.9391099344398327
0.925661503783873
0.9394720517337887
0.951820018706184
0.9276217529423376
0.9148012597552704
0.9284015285607791
0.9274390422214572
0.9384649511227099
0.9494963087051685
0.9602133109363808
0.9696716799652525
0.9698328581714185
0.9808820048516497
0.9836604633593705
0.983061980156144
0.9751035360147652
0.9608414518400215
0.974085856829744
0.9785715707393497
0.9899865207425519
0.9855761842150834
0.9841891327661046
0.9867149547290934
0.9897102616603077
0.9921122688508675
0.9950874877120898
0.994573614610979
0.9950319882891866
0.9909344136714922
0.9955951664052769
0.9949412969502919
0.993518110842409
0.995021746245418
0.9954517212368097
0.9978001335210979
0.9961110234459895
0.9969063134951285
0.9972058597556737
0.994557894289132
0.9936038102621337
0.9872892503597333
0.9898237055824742
0.9895014633848394
0.9842493839700821
0.9838223664182651
0.9850855989600581
0.9789381308605946
0.9835990552653854
0.9877010700078992
0.9879340390603983
0.9845628096773256
0.9857635548373331
0.9838580784358744
0.9894447122813196
0.9933342104718479
0.9942730647063257
0.995219381487302
0.9959856490482635
0.9952399254692247
0.992209318729267
0.9935455516985274
0.9949746027734303
0.9952604583361917
0.9963404393042952
0.9919920804106356
0.9940661113184585
0.9941691271161855
0.994730463601621
0.994549663930429
0.9922132640934056
0.9960038048585582
0.9976216394990445
0.9969248274738274
0.9926344773492308
0.9966815188860808
0.9967093226856628
0.9910856114238654
0.9962278331704244
0.9949234480091241
0.994865996632138
0.9939904688860687
0.9937677206764184
0.9953355770758141
0.9954256669507563
0.9939811831138744
0.9968959414878112
0.9957889610278351
0.9960089375942675
0.9926492686573327
0.9974515222240403
0.9981013531746871
0.9986960555874093
0.9974905555971237
0.9975303921147072
0.9979458319154454
0.9965632884950918
0.996591778071616
0.9979716408345408
0.9968285092951057
0.9962182414580812
0.994299712834896
0.9977463102044033
0.9971442934757271
0.9979347501326398
0.9966798478674311
0.9965129416802092
0.996174191947226
0.9958776076501066
0.9952404562226046
0.9948737168209212
0.993351785616663
0.9923960903848881
0.9904016864599737
0.9955557877142693
0.9941205652569519
0.9935910301574691
0.9959480734027555
0.9960912747789007
0.9966248553704472
0.9956032545162804
0.9947415824359375
0.995268437614005
0.9966855720899166
0.9974916277215792
0.9928035475188979
0.9958057186171163
0.9956459208715767
0.9961183162004914
0.9966162823415637
0.9952191095611035
0.9947457006933093
0.995768537439348
0.9944048935424322
0.9948886825468205
0.9941546740327445
0.9944827981640301
0.9899679056638166
0.9964499932256631
0.9967650434502497
0.9947216577669432
0.9954976165894582
0.9959680639365776
0.9935194852582832
0.9950102132689368
0.9949310029815749
0.9950002945413994
